202107264
202107265
202107266
202107267
202107268
202107269
202107270
202107271
202107273
202107274
202107275
202107276
202107277
202107278
202107279
202107280
202107281
202107282
202107283
202107284
202107285
202107286
202107287
202107288
202107289
202107290
202107291
202107292
202107293
202107294
202107295
202107296
202107298
202107299
202107300
202107301
202107302
202107303
202107304
202107305
202107306
202107307
202107308
202107309
202107310
202107311
202107312
202107313
202107314
202107315
202107316
202107317
202107318
202107319
202107320
202107321
202107322
202107323
202107324
202107325
202107326
202107327
202107328
202107329
202107330
202107331
202107332
202107333
202107334
202107335
202107336
202107337
202107338
202107339
202107340
202107341
202107342
202107343
202107344
202107345
202107346
202107347
202107348
202107349
202107350
202107351
202107352
202107353
202107354
202107355
202107356
202107357
202107358
202107359
202107360
202107361
202107362
202107363
202107364
202107365
202107366
202107367
202107368
202107369
202107370
202107371
202107372
202107373
202107374
202107375
202107376
202107377
202107379
202107380
202107381
202107382
202107383
202107385
202107386
202107387
202107388
202107389
202107390
202107391
202107392
202107393
202107394
202107395
202107396
202107397
202107398
202107399
202107400
202107401
202107402
202107403
202107404
202107405
202107406
202107407
202107408
202107409
202107410